12
27
14
90
62
12
73
1
36
44
95
100
97
16
27
94
26
17
51
97
40
83
77
27
72
16
79
14
65
51
0
8
84
85
38
58
39
31
101
64
14
58
73
55
45
62
7
68
82
26
58
86
99
78
7
19
15
20
0
41
22
68
95
71
26
6
90
81
74
29
100
25
42
37
23
36
88
59
93
30
96
0
84
73
100
97
38
33
44
27
17
25
74
75
29
64
71
32
100
85
70
45
76
1
26
66
98
30
11
35
83
77
36
46
100
31
7
74
63
33
76
52
69
49
93
47
31
14
36
85
28
88
33
17
64
91
77
76
12
84
33
26
4
21
2
65
97
89
1
29
38
88
24
67
22
79
70
26
72
45
40
91
22
101
62
0
49
12
36
9
88
26
80
20
39
91
11
67
39
7
31
37
91
45
24
34
67
8
80
58
91
29
71
24
35
96
89
78
41
37
38
60
2
0
67
56
10
9
3
98
10
57
62
44
76
23
20
4
52
70
49
59
95
95
52
83
100
78
23
2
92
87
20
46
40
10
76
96
27
76
35
92
46
99
31
57
69
70
60
15
54
58
13
101
6
39
15
84
85
74
99
35
92
37
61
16
90
29
38
49
32
60
30
29
70
51
37
60
84
49
52
6
22
43
21
20
63
62
9
38
40
16
36
3
56
44
29
30
81
82
7
18
5
85
39
1
9
28
25
5
57
77
10
101
71
60
100
94
21
84
84
85
89
48
77
50
82
10
43
41
96
61
74
28
2
19
75
52
64
2
8
9
24
18
58
7
43
77
88
14
96
5
80
21
86
58
23
98
30
68
54
44
91
36
55
19
68
18
33
92
101
41
86
35
18
73
17
59
55
66
81
6
94
80
28
64
30
87
101
100
80
86
19
15
90
33
88
81
0
90
8
17
101
59
46
25
38
31
1
100
100
8
86
44
19
18
83
28
71
45
98
73
36
33
10
16
50
45
45
27
88
26
46
11
74
62
9
34
52
81
61
82
85
4
89
99
27
82
30
26
1
3
75
41
22
0
52
87
73
35
35
72
57
1
9
16
96
19
82
58
4
9
64
80
58
68
59
85
8
59
51
64
63
57
43
25
75
37
7
50
13
4
24
6
44
95
70
69
1
30
81
38
22
94
41
52
51
91
51
70
101
3
55
3
0
23
39
11
85
3
25
73
8
75
90
25
49
84
94
94
84
5
8
9
34
50
64
38
1
74
20
54
65
51
101
53
1
93
85
21
68
99
5
1
6
5
57
8
35
68
94
86
90
26
48
69
91
2
58
73
98
38
88
21
92
99
88
48
41
96
26
65
50
50
19
72
32
68
24
63
73
46
88
26
58
21
44
18
24
98
88
98
50
45
34
30
33
33
20
70
8
12
43
17
24
26
17
91
71
98
70
35
98
67
35
17
45
96
97
92
52
77
13
100
95
51
92
59
31
37
1
57
22
97
101
9
6
101
79
100
6
32
63
66
3
45
13
14
99
17
90
15
40
92
14
61
77
12
7
101
52
34
11
54
12
24
47
35
61
28
99
1
0
50
36
27
86
35
82
52
77
87
74
64
20
32
74
42
90
65
93
89
83
86
38
91
9
54
18
49
23
47
18
14
5
2
0
38
82
72
30
33
51
44
31
90
24
83
1
74
46
54
41
75
77
33
61
63
99
84
84
100
9
21
41
3
34
15
83
100
88
4
1
23
38
12
25
90
14
0
72
11
54
28
92
48
14
50
65
59
50
57
73
95
76
87
32
51
94
82
33
46
63
58
89
13
26
52
86
59
68
17
6
52
100
24
55
68
24
18
52
82
96
93
66
95
46
8
42
47
22
48
41
15
6
82
0
19
7
73
40
92
12
16
5
36
24
95
5
1
52
86
13
81
28
40
38
59
70
4
57
92
39
13
69
74
0
4
41
60
30
85
12
21
61
49
75
4
37
14
56
4
24
66
48
67
50
87
43
41
5
45
66
21
80
59
21
17
67
99
7
92
42
86
65
66
78
58
74
90
83
42
45
9
63
4
41
72
14
56
17
62
85
90
30
42
72
72
33
32
9
21
34
79
99
48
82
15
50
64
6
22
76
20
27
2
83
19
19
58
79
95
79
32
78
8
13
21
40
30
0
28
80
75
52
70
3
23
90
11
97
8
48
84
41
7
40
29
80
92
69
1
26
58
30
78
6
19
22
89
70
53
89
22
79
72
98
70
96
17
67
77
54
72
91
84
25
5
27
43
6
33
59
27
89
82
39
93
29
40
94
95
72
18
13
14
88
53
87
5
75
85
46
85
86
73
56
100
26
27
44
41
19
37
53
52
34
25
58
4
33
20
25
100
84
83
23
54
78
11
96
56
76
89
90
20
73
44
75
9
28
84
48
38
97
74
27
71
79
13
51
61
80
31
58
93
98
58
87
70
3
63
27
6
28
30
8
66
53
46
58
22
93
31
78
35
87
73
48
53
77
44
23
61
88
40
48
49
51
100
82
27
57
73
50
83
30
14
14
86
25
55
23
23
29
84
24
50
41
97
35
99
25
85
9
67
11
46
16
99
96
1
19
36
81
46
21
98
4
26
73
3
83
25
99
24
1
42
73
82
67
71
96
54
51
0
61
44
8
2
76
10
35
69
98
78
83
100
25
37
52
38
56
21
72
58
84
27
3
39
74
40
44
86
0
87
39
50
64
83
6
8
33
2
4
4
99
12
36
81
62
32
76
13
53
9
82
1
60
40
58
33
87
101
99
75
75
98
51
2
50
39
91
77
57
91
20
29
31
39
5
40
81
63
69
100
4
68
79
89
42
33
18
79
39
44
99
26
59
12
47
55
89
59
23
47
11
49
50
94
96
84
78
61
29
57
66
66
27
72
65
53
7
46
24
29
48
79
6
86
69
38
97
17
3
28
22
67
38
17
53
75
59
94
69
5
42
8
52
4